Constant 0.0

Cluster 1
1,1,1,1,1
J=-512.6

Cluster 2
1,1,1,1,1   2,1,1,1,1 
J=223.6

Cluster 3
1,1,1,1,1   1,2,1,1,1 
J=223.6

Cluster 4
1,1,1,1,1   2,2,1,1,1
J=223.6

Cluster 5
1,1,1,1,1   3,2,1,1,1
J=10

Cluster 6
1,1,1,1,1   2,3,1,1,1
J=10

Cluster 7
2,1,1,1,1   1,2,1,1,1
J=10

Cluster 8
1,1,1,1,1   3,1,1,1,1
J=2.4

Cluster 9
1,1,1,1,1   3,3,1,1,1
J=2.4

Cluster 10
1,1,1,1,1   1,3,1,1,1
J=2.4

Cluster 11
1,1,1,1,1   4,2,1,1,1
J=-6.4

Cluster 12
1,1,1,1,1   4,3,1,1,1
J=-6.4

Cluster 13
1,1,1,1,1   3,4,1,1,1
J=-6.4

Cluster 14
1,1,1,1,1   2,4,1,1,1
J=-6.4

Cluster 15
2,1,1,1,1   1,3,1,1,1
J=-6.4

Cluster 16
3,1,1,1,1   1,2,1,1,1
J=-6.4
